date,Category,Count,Cumulative_Sum
2007-01,<2.5kW,96,96
2007-02,<2.5kW,132,228
2007-03,<2.5kW,156,384
2007-04,<2.5kW,123,507
2007-05,<2.5kW,113,620
2007-06,<2.5kW,195,815
2007-07,<2.5kW,337,1152
2007-08,<2.5kW,417,1569
2007-09,<2.5kW,462,2031
2007-10,<2.5kW,602,2633
2007-11,<2.5kW,606,3239
2007-12,<2.5kW,584,3823
2008-01,<2.5kW,616,4439
2008-02,<2.5kW,745,5184
2008-03,<2.5kW,766,5950
2008-04,<2.5kW,997,6947
2008-05,<2.5kW,1179,8126
2008-06,<2.5kW,1022,9148
2008-07,<2.5kW,1221,10369
2008-08,<2.5kW,1286,11655
2008-09,<2.5kW,1439,13094
2008-10,<2.5kW,1992,15086
2008-11,<2.5kW,1995,17081
2008-12,<2.5kW,2314,19395
2009-01,<2.5kW,2398,21793
2009-02,<2.5kW,3291,25084
2009-03,<2.5kW,3985,29069
2009-04,<2.5kW,3804,32873
2009-05,<2.5kW,4529,37402
2009-06,<2.5kW,4802,42204
2009-07,<2.5kW,5622,47826
2009-08,<2.5kW,6205,54031
2009-09,<2.5kW,7106,61137
2009-10,<2.5kW,9018,70155
2009-11,<2.5kW,10665,80820
2009-12,<2.5kW,9477,90297
2010-01,<2.5kW,9896,100193
2010-02,<2.5kW,12151,112344
2010-03,<2.5kW,16235,128579
2010-04,<2.5kW,16753,145332
2010-05,<2.5kW,21193,166525
2010-06,<2.5kW,23016,189541
2010-07,<2.5kW,21644,211185
2010-08,<2.5kW,22739,233924
2010-09,<2.5kW,24650,258574
2010-10,<2.5kW,27595,286169
2010-11,<2.5kW,32142,318311
2010-12,<2.5kW,23659,341970
2011-01,<2.5kW,31779,373749
2011-02,<2.5kW,36259,410008
2011-03,<2.5kW,44150,454158
2011-04,<2.5kW,40941,495099
2011-05,<2.5kW,61033,556132
2011-06,<2.5kW,79830,635962
2011-07,<2.5kW,24591,660553
2011-08,<2.5kW,22185,682738
2011-09,<2.5kW,22677,705415
2011-10,<2.5kW,16246,721661
2011-11,<2.5kW,16809,738470
2011-12,<2.5kW,13713,752183
2012-01,<2.5kW,12700,764883
2012-02,<2.5kW,19590,784473
2012-03,<2.5kW,23354,807827
2012-04,<2.5kW,26052,833879
2012-05,<2.5kW,39696,873575
2012-06,<2.5kW,47999,921574
2012-07,<2.5kW,19752,941326
2012-08,<2.5kW,19598,960924
2012-09,<2.5kW,17498,978422
2012-10,<2.5kW,15649,994071
2012-11,<2.5kW,15307,1009378
2012-12,<2.5kW,18356,1027734
2013-01,<2.5kW,9500,1037234
2013-02,<2.5kW,8884,1046118
2013-03,<2.5kW,8565,1054683
2013-04,<2.5kW,8450,1063133
2013-05,<2.5kW,8953,1072086
2013-06,<2.5kW,8752,1080838
2013-07,<2.5kW,7930,1088768
2013-08,<2.5kW,6401,1095169
2013-09,<2.5kW,5825,1100994
2013-10,<2.5kW,6534,1107528
2013-11,<2.5kW,6697,1114225
2013-12,<2.5kW,5005,1119230
2014-01,<2.5kW,5238,1124468
2014-02,<2.5kW,5746,1130214
2014-03,<2.5kW,5192,1135406
2014-04,<2.5kW,4778,1140184
2014-05,<2.5kW,5363,1145547
2014-06,<2.5kW,4865,1150412
2014-07,<2.5kW,5575,1155987
2014-08,<2.5kW,5255,1161242
2014-09,<2.5kW,6038,1167280
2014-10,<2.5kW,5642,1172922
2014-11,<2.5kW,4316,1177238
2014-12,<2.5kW,3763,1181001
2015-01,<2.5kW,3568,1184569
2015-02,<2.5kW,3790,1188359
2015-03,<2.5kW,3860,1192219
2015-04,<2.5kW,3235,1195454
2015-05,<2.5kW,3396,1198850
2015-06,<2.5kW,3179,1202029
2015-07,<2.5kW,3489,1205518
2015-08,<2.5kW,2766,1208284
2015-09,<2.5kW,2860,1211144
2015-10,<2.5kW,2772,1213916
2015-11,<2.5kW,2599,1216515
2015-12,<2.5kW,2230,1218745
2016-01,<2.5kW,1979,1220724
2016-02,<2.5kW,2669,1223393
2016-03,<2.5kW,2491,1225884
2016-04,<2.5kW,2452,1228336
2016-05,<2.5kW,2385,1230721
2016-06,<2.5kW,2166,1232887
2016-07,<2.5kW,2263,1235150
2016-08,<2.5kW,2566,1237716
2016-09,<2.5kW,2143,1239859
2016-10,<2.5kW,2289,1242148
2016-11,<2.5kW,2479,1244627
2016-12,<2.5kW,2334,1246961
2017-01,<2.5kW,1947,1248908
2017-02,<2.5kW,2729,1251637
2017-03,<2.5kW,2944,1254581
2017-04,<2.5kW,2100,1256681
2017-05,<2.5kW,2603,1259284
2017-06,<2.5kW,2395,1261679
2017-07,<2.5kW,2330,1264009
2017-08,<2.5kW,2605,1266614
2017-09,<2.5kW,2138,1268752
2017-10,<2.5kW,1997,1270749
2017-11,<2.5kW,2135,1272884
2017-12,<2.5kW,1888,1274772
2018-01,<2.5kW,1594,1276366
2018-02,<2.5kW,1808,1278174
2018-03,<2.5kW,2031,1280205
2018-04,<2.5kW,1772,1281977
2018-05,<2.5kW,2058,1284035
2018-06,<2.5kW,1576,1285611
2018-07,<2.5kW,1629,1287240
2018-08,<2.5kW,1690,1288930
2018-09,<2.5kW,1435,1290365
2018-10,<2.5kW,1645,1292010
2018-11,<2.5kW,1778,1293788
2018-12,<2.5kW,1268,1295056
2019-01,<2.5kW,1043,1296099
2019-02,<2.5kW,1459,1297558
2019-03,<2.5kW,1278,1298836
2019-04,<2.5kW,1090,1299926
2019-05,<2.5kW,1414,1301340
2019-06,<2.5kW,1359,1302699
2019-07,<2.5kW,1343,1304042
2019-08,<2.5kW,1334,1305376
2019-09,<2.5kW,1253,1306629
2019-10,<2.5kW,1258,1307887
2019-11,<2.5kW,1175,1309062
2019-12,<2.5kW,913,1309975
2020-01,<2.5kW,867,1310842
2020-02,<2.5kW,843,1311685
2020-03,<2.5kW,1188,1312873
2020-04,<2.5kW,1150,1314023
2020-05,<2.5kW,1181,1315204
2020-06,<2.5kW,1197,1316401
2020-07,<2.5kW,1144,1317545
2020-08,<2.5kW,959,1318504
2020-09,<2.5kW,1041,1319545
2020-10,<2.5kW,1047,1320592
2020-11,<2.5kW,1075,1321667
2020-12,<2.5kW,973,1322640
2021-01,<2.5kW,631,1323271
2021-02,<2.5kW,949,1324220
2021-03,<2.5kW,1076,1325296
2021-04,<2.5kW,900,1326196
2021-05,<2.5kW,1005,1327201
2021-06,<2.5kW,884,1328085
2021-07,<2.5kW,880,1328965
2021-08,<2.5kW,1039,1330004
2021-09,<2.5kW,868,1330872
2021-10,<2.5kW,879,1331751
2021-11,<2.5kW,891,1332642
2021-12,<2.5kW,749,1333391
2022-01,<2.5kW,312,1333703
2022-02,<2.5kW,686,1334389
2022-03,<2.5kW,813,1335202
2022-04,<2.5kW,996,1336198
2022-05,<2.5kW,801,1336999
2022-06,<2.5kW,885,1337884
2022-07,<2.5kW,817,1338701
2022-08,<2.5kW,938,1339639
2022-09,<2.5kW,842,1340481
2022-10,<2.5kW,792,1341273
2022-11,<2.5kW,922,1342195
2022-12,<2.5kW,681,1342876
2023-01,<2.5kW,587,1343463
2023-02,<2.5kW,846,1344309
2023-03,<2.5kW,915,1345224
2023-04,<2.5kW,701,1345925
2023-05,<2.5kW,912,1346837
2023-06,<2.5kW,855,1347692
2023-07,<2.5kW,777,1348469
2023-08,<2.5kW,881,1349350
2023-09,<2.5kW,688,1350038
2023-10,<2.5kW,718,1350756
2023-11,<2.5kW,677,1351433
2023-12,<2.5kW,487,1351920
2024-01,<2.5kW,428,1352348
2024-02,<2.5kW,626,1352974
2024-03,<2.5kW,497,1353471
2024-04,<2.5kW,509,1353980
2024-05,<2.5kW,497,1354477
2024-06,<2.5kW,219,1354696
2007-01,2.5–4.5,33,33
2007-02,2.5–4.5,26,59
2007-03,2.5–4.5,26,85
2007-04,2.5–4.5,38,123
2007-05,2.5–4.5,24,147
2007-06,2.5–4.5,70,217
2007-07,2.5–4.5,65,282
2007-08,2.5–4.5,114,396
2007-09,2.5–4.5,149,545
2007-10,2.5–4.5,190,735
2007-11,2.5–4.5,142,877
2007-12,2.5–4.5,178,1055
2008-01,2.5–4.5,159,1214
2008-02,2.5–4.5,164,1378
2008-03,2.5–4.5,134,1512
2008-04,2.5–4.5,175,1687
2008-05,2.5–4.5,236,1923
2008-06,2.5–4.5,171,2094
2008-07,2.5–4.5,227,2321
2008-08,2.5–4.5,212,2533
2008-09,2.5–4.5,206,2739
2008-10,2.5–4.5,324,3063
2008-11,2.5–4.5,276,3339
2008-12,2.5–4.5,380,3719
2009-01,2.5–4.5,227,3946
2009-02,2.5–4.5,302,4248
2009-03,2.5–4.5,381,4629
2009-04,2.5–4.5,380,5009
2009-05,2.5–4.5,435,5444
2009-06,2.5–4.5,377,5821
2009-07,2.5–4.5,491,6312
2009-08,2.5–4.5,686,6998
2009-09,2.5–4.5,858,7856
2009-10,2.5–4.5,1065,8921
2009-11,2.5–4.5,1314,10235
2009-12,2.5–4.5,1503,11738
2010-01,2.5–4.5,1327,13065
2010-02,2.5–4.5,2371,15436
2010-03,2.5–4.5,3305,18741
2010-04,2.5–4.5,4030,22771
2010-05,2.5–4.5,4927,27698
2010-06,2.5–4.5,6213,33911
2010-07,2.5–4.5,7685,41596
2010-08,2.5–4.5,8449,50045
2010-09,2.5–4.5,9801,59846
2010-10,2.5–4.5,10843,70689
2010-11,2.5–4.5,13550,84239
2010-12,2.5–4.5,10651,94890
2011-01,2.5–4.5,15642,110532
2011-02,2.5–4.5,17213,127745
2011-03,2.5–4.5,21595,149340
2011-04,2.5–4.5,20671,170011
2011-05,2.5–4.5,34431,204442
2011-06,2.5–4.5,53728,258170
2011-07,2.5–4.5,19135,277305
2011-08,2.5–4.5,22485,299790
2011-09,2.5–4.5,27479,327269
2011-10,2.5–4.5,16600,343869
2011-11,2.5–4.5,17822,361691
2011-12,2.5–4.5,14380,376071
2012-01,2.5–4.5,12289,388360
2012-02,2.5–4.5,17677,406037
2012-03,2.5–4.5,21207,427244
2012-04,2.5–4.5,24459,451703
2012-05,2.5–4.5,43660,495363
2012-06,2.5–4.5,65076,560439
2012-07,2.5–4.5,30133,590572
2012-08,2.5–4.5,32933,623505
2012-09,2.5–4.5,34652,658157
2012-10,2.5–4.5,26168,684325
2012-11,2.5–4.5,26019,710344
2012-12,2.5–4.5,36930,747274
2013-01,2.5–4.5,17951,765225
2013-02,2.5–4.5,18802,784027
2013-03,2.5–4.5,19190,803217
2013-04,2.5–4.5,19225,822442
2013-05,2.5–4.5,22152,844594
2013-06,2.5–4.5,24435,869029
2013-07,2.5–4.5,19854,888883
2013-08,2.5–4.5,18010,906893
2013-09,2.5–4.5,18082,924975
2013-10,2.5–4.5,21567,946542
2013-11,2.5–4.5,19557,966099
2013-12,2.5–4.5,15952,982051
2014-01,2.5–4.5,15860,997911
2014-02,2.5–4.5,17005,1014916
2014-03,2.5–4.5,18026,1032942
2014-04,2.5–4.5,16934,1049876
2014-05,2.5–4.5,20193,1070069
2014-06,2.5–4.5,17454,1087523
2014-07,2.5–4.5,20298,1107821
2014-08,2.5–4.5,18351,1126172
2014-09,2.5–4.5,20166,1146338
2014-10,2.5–4.5,21335,1167673
2014-11,2.5–4.5,18002,1185675
2014-12,2.5–4.5,17538,1203213
2015-01,2.5–4.5,14705,1217918
2015-02,2.5–4.5,15659,1233577
2015-03,2.5–4.5,15900,1249477
2015-04,2.5–4.5,13332,1262809
2015-05,2.5–4.5,13390,1276199
2015-06,2.5–4.5,13444,1289643
2015-07,2.5–4.5,14365,1304008
2015-08,2.5–4.5,13255,1317263
2015-09,2.5–4.5,13209,1330472
2015-10,2.5–4.5,12779,1343251
2015-11,2.5–4.5,12911,1356162
2015-12,2.5–4.5,11593,1367755
2016-01,2.5–4.5,8921,1376676
2016-02,2.5–4.5,11839,1388515
2016-03,2.5–4.5,11848,1400363
2016-04,2.5–4.5,11219,1411582
2016-05,2.5–4.5,11513,1423095
2016-06,2.5–4.5,10716,1433811
2016-07,2.5–4.5,10894,1444705
2016-08,2.5–4.5,12188,1456893
2016-09,2.5–4.5,11740,1468633
2016-10,2.5–4.5,10705,1479338
2016-11,2.5–4.5,13980,1493318
2016-12,2.5–4.5,13496,1506814
2017-01,2.5–4.5,10483,1517297
2017-02,2.5–4.5,12851,1530148
2017-03,2.5–4.5,13579,1543727
2017-04,2.5–4.5,10738,1554465
2017-05,2.5–4.5,13420,1567885
2017-06,2.5–4.5,12331,1580216
2017-07,2.5–4.5,12294,1592510
2017-08,2.5–4.5,12787,1605297
2017-09,2.5–4.5,11523,1616820
2017-10,2.5–4.5,11999,1628819
2017-11,2.5–4.5,12979,1641798
2017-12,2.5–4.5,11847,1653645
2018-01,2.5–4.5,10650,1664295
2018-02,2.5–4.5,12266,1676561
2018-03,2.5–4.5,12337,1688898
2018-04,2.5–4.5,11044,1699942
2018-05,2.5–4.5,12217,1712159
2018-06,2.5–4.5,9708,1721867
2018-07,2.5–4.5,10166,1732033
2018-08,2.5–4.5,10814,1742847
2018-09,2.5–4.5,10298,1753145
2018-10,2.5–4.5,11633,1764778
2018-11,2.5–4.5,11811,1776589
2018-12,2.5–4.5,9882,1786471
2019-01,2.5–4.5,9535,1796006
2019-02,2.5–4.5,10840,1806846
2019-03,2.5–4.5,11275,1818121
2019-04,2.5–4.5,9846,1827967
2019-05,2.5–4.5,10043,1838010
2019-06,2.5–4.5,7873,1845883
2019-07,2.5–4.5,8533,1854416
2019-08,2.5–4.5,9363,1863779
2019-09,2.5–4.5,9240,1873019
2019-10,2.5–4.5,10163,1883182
2019-11,2.5–4.5,11225,1894407
2019-12,2.5–4.5,8743,1903150
2020-01,2.5–4.5,7800,1910950
2020-02,2.5–4.5,10088,1921038
2020-03,2.5–4.5,10689,1931727
2020-04,2.5–4.5,9015,1940742
2020-05,2.5–4.5,10080,1950822
2020-06,2.5–4.5,9745,1960567
2020-07,2.5–4.5,9338,1969905
2020-08,2.5–4.5,7459,1977364
2020-09,2.5–4.5,7739,1985103
2020-10,2.5–4.5,8126,1993229
2020-11,2.5–4.5,8715,2001944
2020-12,2.5–4.5,7853,2009797
2021-01,2.5–4.5,6606,2016403
2021-02,2.5–4.5,8404,2024807
2021-03,2.5–4.5,9497,2034304
2021-04,2.5–4.5,8478,2042782
2021-05,2.5–4.5,8479,2051261
2021-06,2.5–4.5,8365,2059626
2021-07,2.5–4.5,7192,2066818
2021-08,2.5–4.5,6955,2073773
2021-09,2.5–4.5,6755,2080528
2021-10,2.5–4.5,6118,2086646
2021-11,2.5–4.5,6297,2092943
2021-12,2.5–4.5,5768,2098711
2022-01,2.5–4.5,3449,2102160
2022-02,2.5–4.5,5088,2107248
2022-03,2.5–4.5,5769,2113017
2022-04,2.5–4.5,4325,2117342
2022-05,2.5–4.5,5238,2122580
2022-06,2.5–4.5,5358,2127938
2022-07,2.5–4.5,5002,2132940
2022-08,2.5–4.5,5569,2138509
2022-09,2.5–4.5,5195,2143704
2022-10,2.5–4.5,4755,2148459
2022-11,2.5–4.5,5417,2153876
2022-12,2.5–4.5,4387,2158263
2023-01,2.5–4.5,3152,2161415
2023-02,2.5–4.5,4552,2165967
2023-03,2.5–4.5,4513,2170480
2023-04,2.5–4.5,3862,2174342
2023-05,2.5–4.5,4860,2179202
2023-06,2.5–4.5,4636,2183838
2023-07,2.5–4.5,4208,2188046
2023-08,2.5–4.5,4754,2192800
2023-09,2.5–4.5,4205,2197005
2023-10,2.5–4.5,4227,2201232
2023-11,2.5–4.5,4379,2205611
2023-12,2.5–4.5,3778,2209389
2024-01,2.5–4.5,2928,2212317
2024-02,2.5–4.5,4148,2216465
2024-03,2.5–4.5,3967,2220432
2024-04,2.5–4.5,4297,2224729
2024-05,2.5–4.5,4324,2229053
2024-06,2.5–4.5,2235,2231288
2007-01,4.5–6.5kw,5,5
2007-02,4.5–6.5kw,10,15
2007-03,4.5–6.5kw,15,30
2007-04,4.5–6.5kw,16,46
2007-05,4.5–6.5kw,31,77
2007-06,4.5–6.5kw,21,98
2007-07,4.5–6.5kw,10,108
2007-08,4.5–6.5kw,27,135
2007-09,4.5–6.5kw,26,161
2007-10,4.5–6.5kw,42,203
2007-11,4.5–6.5kw,48,251
2007-12,4.5–6.5kw,43,294
2008-01,4.5–6.5kw,20,314
2008-02,4.5–6.5kw,31,345
2008-03,4.5–6.5kw,38,383
2008-04,4.5–6.5kw,64,447
2008-05,4.5–6.5kw,37,484
2008-06,4.5–6.5kw,49,533
2008-07,4.5–6.5kw,80,613
2008-08,4.5–6.5kw,57,670
2008-09,4.5–6.5kw,136,806
2008-10,4.5–6.5kw,100,906
2008-11,4.5–6.5kw,62,968
2008-12,4.5–6.5kw,122,1090
2009-01,4.5–6.5kw,66,1156
2009-02,4.5–6.5kw,94,1250
2009-03,4.5–6.5kw,114,1364
2009-04,4.5–6.5kw,181,1545
2009-05,4.5–6.5kw,168,1713
2009-06,4.5–6.5kw,149,1862
2009-07,4.5–6.5kw,244,2106
2009-08,4.5–6.5kw,186,2292
2009-09,4.5–6.5kw,312,2604
2009-10,4.5–6.5kw,426,3030
2009-11,4.5–6.5kw,522,3552
2009-12,4.5–6.5kw,524,4076
2010-01,4.5–6.5kw,467,4543
2010-02,4.5–6.5kw,697,5240
2010-03,4.5–6.5kw,1075,6315
2010-04,4.5–6.5kw,1185,7500
2010-05,4.5–6.5kw,1278,8778
2010-06,4.5–6.5kw,2084,10862
2010-07,4.5–6.5kw,2634,13496
2010-08,4.5–6.5kw,2946,16442
2010-09,4.5–6.5kw,3392,19834
2010-10,4.5–6.5kw,3741,23575
2010-11,4.5–6.5kw,4528,28103
2010-12,4.5–6.5kw,3263,31366
2011-01,4.5–6.5kw,5290,36656
2011-02,4.5–6.5kw,5618,42274
2011-03,4.5–6.5kw,7426,49700
2011-04,4.5–6.5kw,6959,56659
2011-05,4.5–6.5kw,11233,67892
2011-06,4.5–6.5kw,20536,88428
2011-07,4.5–6.5kw,6894,95322
2011-08,4.5–6.5kw,8765,104087
2011-09,4.5–6.5kw,13131,117218
2011-10,4.5–6.5kw,7521,124739
2011-11,4.5–6.5kw,9184,133923
2011-12,4.5–6.5kw,8275,142198
2012-01,4.5–6.5kw,7067,149265
2012-02,4.5–6.5kw,10389,159654
2012-03,4.5–6.5kw,14024,173678
2012-04,4.5–6.5kw,17120,190798
2012-05,4.5–6.5kw,31537,222335
2012-06,4.5–6.5kw,53599,275934
2012-07,4.5–6.5kw,24026,299960
2012-08,4.5–6.5kw,30434,330394
2012-09,4.5–6.5kw,35770,366164
2012-10,4.5–6.5kw,25334,391498
2012-11,4.5–6.5kw,26085,417583
2012-12,4.5–6.5kw,39432,457015
2013-01,4.5–6.5kw,17915,474930
2013-02,4.5–6.5kw,20337,495267
2013-03,4.5–6.5kw,23565,518832
2013-04,4.5–6.5kw,26788,545620
2013-05,4.5–6.5kw,37119,582739
2013-06,4.5–6.5kw,45443,628182
2013-07,4.5–6.5kw,25644,653826
2013-08,4.5–6.5kw,23459,677285
2013-09,4.5–6.5kw,24986,702271
2013-10,4.5–6.5kw,29422,731693
2013-11,4.5–6.5kw,30038,761731
2013-12,4.5–6.5kw,24884,786615
2014-01,4.5–6.5kw,24471,811086
2014-02,4.5–6.5kw,25070,836156
2014-03,4.5–6.5kw,25872,862028
2014-04,4.5–6.5kw,25675,887703
2014-05,4.5–6.5kw,30807,918510
2014-06,4.5–6.5kw,28076,946586
2014-07,4.5–6.5kw,30330,976916
2014-08,4.5–6.5kw,26864,1003780
2014-09,4.5–6.5kw,30558,1034338
2014-10,4.5–6.5kw,30858,1065196
2014-11,4.5–6.5kw,26868,1092064
2014-12,4.5–6.5kw,25752,1117816
2015-01,4.5–6.5kw,21721,1139537
2015-02,4.5–6.5kw,25450,1164987
2015-03,4.5–6.5kw,26255,1191242
2015-04,4.5–6.5kw,22181,1213423
2015-05,4.5–6.5kw,23781,1237204
2015-06,4.5–6.5kw,25319,1262523
2015-07,4.5–6.5kw,29753,1292276
2015-08,4.5–6.5kw,26901,1319177
2015-09,4.5–6.5kw,27282,1346459
2015-10,4.5–6.5kw,26847,1373306
2015-11,4.5–6.5kw,25377,1398683
2015-12,4.5–6.5kw,23905,1422588
2016-01,4.5–6.5kw,19712,1442300
2016-02,4.5–6.5kw,26026,1468326
2016-03,4.5–6.5kw,25194,1493520
2016-04,4.5–6.5kw,23662,1517182
2016-05,4.5–6.5kw,25091,1542273
2016-06,4.5–6.5kw,23492,1565765
2016-07,4.5–6.5kw,23424,1589189
2016-08,4.5–6.5kw,27127,1616316
2016-09,4.5–6.5kw,28051,1644367
2016-10,4.5–6.5kw,27976,1672343
2016-11,4.5–6.5kw,34408,1706751
2016-12,4.5–6.5kw,38336,1745087
2017-01,4.5–6.5kw,27144,1772231
2017-02,4.5–6.5kw,34733,1806964
2017-03,4.5–6.5kw,38229,1845193
2017-04,4.5–6.5kw,32330,1877523
2017-05,4.5–6.5kw,39900,1917423
2017-06,4.5–6.5kw,39524,1956947
2017-07,4.5–6.5kw,43169,2000116
2017-08,4.5–6.5kw,46491,2046607
2017-09,4.5–6.5kw,43058,2089665
2017-10,4.5–6.5kw,47362,2137027
2017-11,4.5–6.5kw,54959,2191986
2017-12,4.5–6.5kw,51218,2243204
2018-01,4.5–6.5kw,42609,2285813
2018-02,4.5–6.5kw,49024,2334837
2018-03,4.5–6.5kw,50363,2385200
2018-04,4.5–6.5kw,44590,2429790
2018-05,4.5–6.5kw,47687,2477477
2018-06,4.5–6.5kw,40810,2518287
2018-07,4.5–6.5kw,43584,2561871
2018-08,4.5–6.5kw,44300,2606171
2018-09,4.5–6.5kw,41633,2647804
2018-10,4.5–6.5kw,46899,2694703
2018-11,4.5–6.5kw,51439,2746142
2018-12,4.5–6.5kw,41257,2787399
2019-01,4.5–6.5kw,34595,2821994
2019-02,4.5–6.5kw,43407,2865401
2019-03,4.5–6.5kw,41528,2906929
2019-04,4.5–6.5kw,36641,2943570
2019-05,4.5–6.5kw,36984,2980554
2019-06,4.5–6.5kw,28777,3009331
2019-07,4.5–6.5kw,35077,3044408
2019-08,4.5–6.5kw,34880,3079288
2019-09,4.5–6.5kw,36463,3115751
2019-10,4.5–6.5kw,38038,3153789
2019-11,4.5–6.5kw,37367,3191156
2019-12,4.5–6.5kw,33308,3224464
2020-01,4.5–6.5kw,27512,3251976
2020-02,4.5–6.5kw,31808,3283784
2020-03,4.5–6.5kw,34884,3318668
2020-04,4.5–6.5kw,27224,3345892
2020-05,4.5–6.5kw,27330,3373222
2020-06,4.5–6.5kw,27061,3400283
2020-07,4.5–6.5kw,30320,3430603
2020-08,4.5–6.5kw,22603,3453206
2020-09,4.5–6.5kw,23146,3476352
2020-10,4.5–6.5kw,23627,3499979
2020-11,4.5–6.5kw,28649,3528628
2020-12,4.5–6.5kw,24395,3553023
2021-01,4.5–6.5kw,18870,3571893
2021-02,4.5–6.5kw,24616,3596509
2021-03,4.5–6.5kw,25934,3622443
2021-04,4.5–6.5kw,23029,3645472
2021-05,4.5–6.5kw,20035,3665507
2021-06,4.5–6.5kw,21202,3686709
2021-07,4.5–6.5kw,20272,3706981
2021-08,4.5–6.5kw,18981,3725962
2021-09,4.5–6.5kw,18850,3744812
2021-10,4.5–6.5kw,18108,3762920
2021-11,4.5–6.5kw,21399,3784319
2021-12,4.5–6.5kw,20160,3804479
2022-01,4.5–6.5kw,12830,3817309
2022-02,4.5–6.5kw,18001,3835310
2022-03,4.5–6.5kw,18196,3853506
2022-04,4.5–6.5kw,14831,3868337
2022-05,4.5–6.5kw,16845,3885182
2022-06,4.5–6.5kw,18658,3903840
2022-07,4.5–6.5kw,18449,3922289
2022-08,4.5–6.5kw,21911,3944200
2022-09,4.5–6.5kw,19892,3964092
2022-10,4.5–6.5kw,18743,3982835
2022-11,4.5–6.5kw,21920,4004755
2022-12,4.5–6.5kw,18500,4023255
2023-01,4.5–6.5kw,13637,4036892
2023-02,4.5–6.5kw,17913,4054805
2023-03,4.5–6.5kw,17261,4072066
2023-04,4.5–6.5kw,13505,4085571
2023-05,4.5–6.5kw,17354,4102925
2023-06,4.5–6.5kw,15633,4118558
2023-07,4.5–6.5kw,15046,4133604
2023-08,4.5–6.5kw,16654,4150258
2023-09,4.5–6.5kw,13839,4164097
2023-10,4.5–6.5kw,13294,4177391
2023-11,4.5–6.5kw,13566,4190957
2023-12,4.5–6.5kw,11806,4202763
2024-01,4.5–6.5kw,8814,4211577
2024-02,4.5–6.5kw,11108,4222685
2024-03,4.5–6.5kw,10120,4232805
2024-04,4.5–6.5kw,10377,4243182
2024-05,4.5–6.5kw,10617,4253799
2024-06,4.5–6.5kw,5646,4259445
2007-01,6.5–9.5kw,0,0
2007-02,6.5–9.5kw,15,15
2007-03,6.5–9.5kw,22,37
2007-04,6.5–9.5kw,20,57
2007-05,6.5–9.5kw,0,57
2007-06,6.5–9.5kw,15,72
2007-07,6.5–9.5kw,9,81
2007-08,6.5–9.5kw,0,81
2007-09,6.5–9.5kw,8,89
2007-10,6.5–9.5kw,30,119
2007-11,6.5–9.5kw,0,119
2007-12,6.5–9.5kw,39,158
2008-01,6.5–9.5kw,0,158
2008-02,6.5–9.5kw,22,180
2008-03,6.5–9.5kw,30,210
2008-04,6.5–9.5kw,44,254
2008-05,6.5–9.5kw,23,277
2008-06,6.5–9.5kw,9,286
2008-07,6.5–9.5kw,16,302
2008-08,6.5–9.5kw,22,324
2008-09,6.5–9.5kw,90,414
2008-10,6.5–9.5kw,17,431
2008-11,6.5–9.5kw,8,439
2008-12,6.5–9.5kw,32,471
2009-01,6.5–9.5kw,15,486
2009-02,6.5–9.5kw,23,509
2009-03,6.5–9.5kw,9,518
2009-04,6.5–9.5kw,35,553
2009-05,6.5–9.5kw,48,601
2009-06,6.5–9.5kw,16,617
2009-07,6.5–9.5kw,45,662
2009-08,6.5–9.5kw,60,722
2009-09,6.5–9.5kw,33,755
2009-10,6.5–9.5kw,53,808
2009-11,6.5–9.5kw,89,897
2009-12,6.5–9.5kw,113,1010
2010-01,6.5–9.5kw,77,1087
2010-02,6.5–9.5kw,183,1270
2010-03,6.5–9.5kw,260,1530
2010-04,6.5–9.5kw,235,1765
2010-05,6.5–9.5kw,368,2133
2010-06,6.5–9.5kw,512,2645
2010-07,6.5–9.5kw,610,3255
2010-08,6.5–9.5kw,748,4003
2010-09,6.5–9.5kw,726,4729
2010-10,6.5–9.5kw,944,5673
2010-11,6.5–9.5kw,768,6441
2010-12,6.5–9.5kw,686,7127
2011-01,6.5–9.5kw,941,8068
2011-02,6.5–9.5kw,1178,9246
2011-03,6.5–9.5kw,1057,10303
2011-04,6.5–9.5kw,1196,11499
2011-05,6.5–9.5kw,1517,13016
2011-06,6.5–9.5kw,2344,15360
2011-07,6.5–9.5kw,647,16007
2011-08,6.5–9.5kw,564,16571
2011-09,6.5–9.5kw,892,17463
2011-10,6.5–9.5kw,843,18306
2011-11,6.5–9.5kw,921,19227
2011-12,6.5–9.5kw,864,20091
2012-01,6.5–9.5kw,559,20650
2012-02,6.5–9.5kw,835,21485
2012-03,6.5–9.5kw,1098,22583
2012-04,6.5–9.5kw,990,23573
2012-05,6.5–9.5kw,2255,25828
2012-06,6.5–9.5kw,3657,29485
2012-07,6.5–9.5kw,1258,30743
2012-08,6.5–9.5kw,1919,32662
2012-09,6.5–9.5kw,2290,34952
2012-10,6.5–9.5kw,1733,36685
2012-11,6.5–9.5kw,1898,38583
2012-12,6.5–9.5kw,3625,42208
2013-01,6.5–9.5kw,1437,43645
2013-02,6.5–9.5kw,1827,45472
2013-03,6.5–9.5kw,2129,47601
2013-04,6.5–9.5kw,1862,49463
2013-05,6.5–9.5kw,2474,51937
2013-06,6.5–9.5kw,2769,54706
2013-07,6.5–9.5kw,2216,56922
2013-08,6.5–9.5kw,2774,59696
2013-09,6.5–9.5kw,2848,62544
2013-10,6.5–9.5kw,3556,66100
2013-11,6.5–9.5kw,3434,69534
2013-12,6.5–9.5kw,3024,72558
2014-01,6.5–9.5kw,3062,75620
2014-02,6.5–9.5kw,1939,77559
2014-03,6.5–9.5kw,1873,79432
2014-04,6.5–9.5kw,1670,81102
2014-05,6.5–9.5kw,2283,83385
2014-06,6.5–9.5kw,2055,85440
2014-07,6.5–9.5kw,2331,87771
2014-08,6.5–9.5kw,2475,90246
2014-09,6.5–9.5kw,2882,93128
2014-10,6.5–9.5kw,2791,95919
2014-11,6.5–9.5kw,2805,98724
2014-12,6.5–9.5kw,2863,101587
2015-01,6.5–9.5kw,2021,103608
2015-02,6.5–9.5kw,2626,106234
2015-03,6.5–9.5kw,2917,109151
2015-04,6.5–9.5kw,2414,111565
2015-05,6.5–9.5kw,2805,114370
2015-06,6.5–9.5kw,2872,117242
2015-07,6.5–9.5kw,3197,120439
2015-08,6.5–9.5kw,2809,123248
2015-09,6.5–9.5kw,2959,126207
2015-10,6.5–9.5kw,2965,129172
2015-11,6.5–9.5kw,3085,132257
2015-12,6.5–9.5kw,2833,135090
2016-01,6.5–9.5kw,2359,137449
2016-02,6.5–9.5kw,3079,140528
2016-03,6.5–9.5kw,3038,143566
2016-04,6.5–9.5kw,3522,147088
2016-05,6.5–9.5kw,3916,151004
2016-06,6.5–9.5kw,3603,154607
2016-07,6.5–9.5kw,3727,158334
2016-08,6.5–9.5kw,4050,162384
2016-09,6.5–9.5kw,4104,166488
2016-10,6.5–9.5kw,4294,170782
2016-11,6.5–9.5kw,5479,176261
2016-12,6.5–9.5kw,6306,182567
2017-01,6.5–9.5kw,4105,186672
2017-02,6.5–9.5kw,4848,191520
2017-03,6.5–9.5kw,5535,197055
2017-04,6.5–9.5kw,5140,202195
2017-05,6.5–9.5kw,7028,209223
2017-06,6.5–9.5kw,6644,215867
2017-07,6.5–9.5kw,6627,222494
2017-08,6.5–9.5kw,8928,231422
2017-09,6.5–9.5kw,9220,240642
2017-10,6.5–9.5kw,10992,251634
2017-11,6.5–9.5kw,14002,265636
2017-12,6.5–9.5kw,15309,280945
2018-01,6.5–9.5kw,12663,293608
2018-02,6.5–9.5kw,14329,307937
2018-03,6.5–9.5kw,17518,325455
2018-04,6.5–9.5kw,16520,341975
2018-05,6.5–9.5kw,22124,364099
2018-06,6.5–9.5kw,24886,388985
2018-07,6.5–9.5kw,31170,420155
2018-08,6.5–9.5kw,37542,457697
2018-09,6.5–9.5kw,42000,499697
2018-10,6.5–9.5kw,51122,550819
2018-11,6.5–9.5kw,61671,612490
2018-12,6.5–9.5kw,57267,669757
2019-01,6.5–9.5kw,52656,722413
2019-02,6.5–9.5kw,62885,785298
2019-03,6.5–9.5kw,66520,851818
2019-04,6.5–9.5kw,59631,911449
2019-05,6.5–9.5kw,67815,979264
2019-06,6.5–9.5kw,56438,1035702
2019-07,6.5–9.5kw,71167,1106869
2019-08,6.5–9.5kw,74781,1181650
2019-09,6.5–9.5kw,81799,1263449
2019-10,6.5–9.5kw,95768,1359217
2019-11,6.5–9.5kw,106567,1465784
2019-12,6.5–9.5kw,107679,1573463
2020-01,6.5–9.5kw,91170,1664633
2020-02,6.5–9.5kw,107374,1772007
2020-03,6.5–9.5kw,117388,1889395
2020-04,6.5–9.5kw,99442,1988837
2020-05,6.5–9.5kw,104182,2093019
2020-06,6.5–9.5kw,115750,2208769
2020-07,6.5–9.5kw,134148,2342917
2020-08,6.5–9.5kw,115163,2458080
2020-09,6.5–9.5kw,127397,2585477
2020-10,6.5–9.5kw,136506,2721983
2020-11,6.5–9.5kw,159093,2881076
2020-12,6.5–9.5kw,146623,3027699
2021-01,6.5–9.5kw,114776,3142475
2021-02,6.5–9.5kw,138575,3281050
2021-03,6.5–9.5kw,147479,3428529
2021-04,6.5–9.5kw,126989,3555518
2021-05,6.5–9.5kw,116289,3671807
2021-06,6.5–9.5kw,115985,3787792
2021-07,6.5–9.5kw,112301,3900093
2021-08,6.5–9.5kw,110768,4010861
2021-09,6.5–9.5kw,111163,4122024
2021-10,6.5–9.5kw,107753,4229777
2021-11,6.5–9.5kw,117792,4347569
2021-12,6.5–9.5kw,113818,4461387
2022-01,6.5–9.5kw,67497,4528884
2022-02,6.5–9.5kw,90539,4619423
2022-03,6.5–9.5kw,96079,4715502
2022-04,6.5–9.5kw,75265,4790767
2022-05,6.5–9.5kw,82456,4873223
2022-06,6.5–9.5kw,95528,4968751
2022-07,6.5–9.5kw,96774,5065525
2022-08,6.5–9.5kw,107033,5172558
2022-09,6.5–9.5kw,97388,5269946
2022-10,6.5–9.5kw,89724,5359670
2022-11,6.5–9.5kw,114561,5474231
2022-12,6.5–9.5kw,106918,5581149
2023-01,6.5–9.5kw,77855,5659004
2023-02,6.5–9.5kw,95883,5754887
2023-03,6.5–9.5kw,98651,5853538
2023-04,6.5–9.5kw,76114,5929652
2023-05,6.5–9.5kw,94119,6023771
2023-06,6.5–9.5kw,88558,6112329
2023-07,6.5–9.5kw,93322,6205651
2023-08,6.5–9.5kw,102450,6308101
2023-09,6.5–9.5kw,93375,6401476
2023-10,6.5–9.5kw,97407,6498883
2023-11,6.5–9.5kw,100716,6599599
2023-12,6.5–9.5kw,91255,6690854
2024-01,6.5–9.5kw,68969,6759823
2024-02,6.5–9.5kw,88554,6848377
2024-03,6.5–9.5kw,79162,6927539
2024-04,6.5–9.5kw,76625,7004164
2024-05,6.5–9.5kw,77925,7082089
2024-06,6.5–9.5kw,39915,7122004
2007-01,9.5–14kw,10,10
2007-02,9.5–14kw,0,10
2007-03,9.5–14kw,11,21
2007-04,9.5–14kw,11,32
2007-05,9.5–14kw,0,32
2007-06,9.5–14kw,0,32
2007-07,9.5–14kw,0,32
2007-08,9.5–14kw,11,43
2007-09,9.5–14kw,26,69
2007-10,9.5–14kw,10,79
2007-11,9.5–14kw,10,89
2007-12,9.5–14kw,58,147
2008-01,9.5–14kw,0,147
2008-02,9.5–14kw,0,147
2008-03,9.5–14kw,0,147
2008-04,9.5–14kw,12,159
2008-05,9.5–14kw,11,170
2008-06,9.5–14kw,47,217
2008-07,9.5–14kw,34,251
2008-08,9.5–14kw,11,262
2008-09,9.5–14kw,10,272
2008-10,9.5–14kw,10,282
2008-11,9.5–14kw,22,304
2008-12,9.5–14kw,48,352
2009-01,9.5–14kw,10,362
2009-02,9.5–14kw,0,362
2009-03,9.5–14kw,10,372
2009-04,9.5–14kw,48,420
2009-05,9.5–14kw,30,450
2009-06,9.5–14kw,33,483
2009-07,9.5–14kw,32,515
2009-08,9.5–14kw,96,611
2009-09,9.5–14kw,130,741
2009-10,9.5–14kw,43,784
2009-11,9.5–14kw,98,882
2009-12,9.5–14kw,138,1020
2010-01,9.5–14kw,166,1186
2010-02,9.5–14kw,297,1483
2010-03,9.5–14kw,516,1999
2010-04,9.5–14kw,530,2529
2010-05,9.5–14kw,812,3341
2010-06,9.5–14kw,1670,5011
2010-07,9.5–14kw,1636,6647
2010-08,9.5–14kw,1838,8485
2010-09,9.5–14kw,2181,10666
2010-10,9.5–14kw,1984,12650
2010-11,9.5–14kw,2340,14990
2010-12,9.5–14kw,2096,17086
2011-01,9.5–14kw,3644,20730
2011-02,9.5–14kw,3321,24051
2011-03,9.5–14kw,5072,29123
2011-04,9.5–14kw,5117,34240
2011-05,9.5–14kw,5402,39642
2011-06,9.5–14kw,5513,45155
2011-07,9.5–14kw,1590,46745
2011-08,9.5–14kw,1464,48209
2011-09,9.5–14kw,1466,49675
2011-10,9.5–14kw,1504,51179
2011-11,9.5–14kw,2392,53571
2011-12,9.5–14kw,1061,54632
2012-01,9.5–14kw,1004,55636
2012-02,9.5–14kw,1266,56902
2012-03,9.5–14kw,1503,58405
2012-04,9.5–14kw,1432,59837
2012-05,9.5–14kw,2256,62093
2012-06,9.5–14kw,5061,67154
2012-07,9.5–14kw,1530,68684
2012-08,9.5–14kw,1658,70342
2012-09,9.5–14kw,2366,72708
2012-10,9.5–14kw,1547,74255
2012-11,9.5–14kw,1755,76010
2012-12,9.5–14kw,3842,79852
2013-01,9.5–14kw,1947,81799
2013-02,9.5–14kw,2232,84031
2013-03,9.5–14kw,2207,86238
2013-04,9.5–14kw,2836,89074
2013-05,9.5–14kw,2847,91921
2013-06,9.5–14kw,3553,95474
2013-07,9.5–14kw,3123,98597
2013-08,9.5–14kw,3460,102057
2013-09,9.5–14kw,4193,106250
2013-10,9.5–14kw,4348,110598
2013-11,9.5–14kw,4673,115271
2013-12,9.5–14kw,3923,119194
2014-01,9.5–14kw,4347,123541
2014-02,9.5–14kw,2498,126039
2014-03,9.5–14kw,2553,128592
2014-04,9.5–14kw,2354,130946
2014-05,9.5–14kw,3262,134208
2014-06,9.5–14kw,2550,136758
2014-07,9.5–14kw,2925,139683
2014-08,9.5–14kw,3052,142735
2014-09,9.5–14kw,3212,145947
2014-10,9.5–14kw,3499,149446
2014-11,9.5–14kw,3048,152494
2014-12,9.5–14kw,3057,155551
2015-01,9.5–14kw,2229,157780
2015-02,9.5–14kw,3048,160828
2015-03,9.5–14kw,2883,163711
2015-04,9.5–14kw,2641,166352
2015-05,9.5–14kw,3029,169381
2015-06,9.5–14kw,3142,172523
2015-07,9.5–14kw,3602,176125
2015-08,9.5–14kw,2883,179008
2015-09,9.5–14kw,2981,181989
2015-10,9.5–14kw,2903,184892
2015-11,9.5–14kw,3239,188131
2015-12,9.5–14kw,3514,191645
2016-01,9.5–14kw,2203,193848
2016-02,9.5–14kw,2828,196676
2016-03,9.5–14kw,2780,199456
2016-04,9.5–14kw,3106,202562
2016-05,9.5–14kw,3134,205696
2016-06,9.5–14kw,3579,209275
2016-07,9.5–14kw,3756,213031
2016-08,9.5–14kw,3843,216874
2016-09,9.5–14kw,4290,221164
2016-10,9.5–14kw,4141,225305
2016-11,9.5–14kw,4496,229801
2016-12,9.5–14kw,6205,236006
2017-01,9.5–14kw,2809,238815
2017-02,9.5–14kw,4406,243221
2017-03,9.5–14kw,5304,248525
2017-04,9.5–14kw,4106,252631
2017-05,9.5–14kw,6279,258910
2017-06,9.5–14kw,6411,265321
2017-07,9.5–14kw,6465,271786
2017-08,9.5–14kw,7661,279447
2017-09,9.5–14kw,7821,287268
2017-10,9.5–14kw,8541,295809
2017-11,9.5–14kw,11091,306900
2017-12,9.5–14kw,11821,318721
2018-01,9.5–14kw,7672,326393
2018-02,9.5–14kw,10030,336423
2018-03,9.5–14kw,11380,347803
2018-04,9.5–14kw,9907,357710
2018-05,9.5–14kw,12998,370708
2018-06,9.5–14kw,12174,382882
2018-07,9.5–14kw,13537,396419
2018-08,9.5–14kw,14238,410657
2018-09,9.5–14kw,12994,423651
2018-10,9.5–14kw,15560,439211
2018-11,9.5–14kw,17494,456705
2018-12,9.5–14kw,19639,476344
2019-01,9.5–14kw,11040,487384
2019-02,9.5–14kw,16922,504306
2019-03,9.5–14kw,17597,521903
2019-04,9.5–14kw,16895,538798
2019-05,9.5–14kw,21330,560128
2019-06,9.5–14kw,18453,578581
2019-07,9.5–14kw,21006,599587
2019-08,9.5–14kw,20317,619904
2019-09,9.5–14kw,23013,642917
2019-10,9.5–14kw,26788,669705
2019-11,9.5–14kw,30390,700095
2019-12,9.5–14kw,33791,733886
2020-01,9.5–14kw,21388,755274
2020-02,9.5–14kw,28054,783328
2020-03,9.5–14kw,34742,818070
2020-04,9.5–14kw,32868,850938
2020-05,9.5–14kw,35434,886372
2020-06,9.5–14kw,39622,925994
2020-07,9.5–14kw,46334,972328
2020-08,9.5–14kw,42974,1015302
2020-09,9.5–14kw,51244,1066546
2020-10,9.5–14kw,52694,1119240
2020-11,9.5–14kw,65850,1185090
2020-12,9.5–14kw,71888,1256978
2021-01,9.5–14kw,46877,1303855
2021-02,9.5–14kw,63729,1367584
2021-03,9.5–14kw,72666,1440250
2021-04,9.5–14kw,65880,1506130
2021-05,9.5–14kw,62859,1568989
2021-06,9.5–14kw,64301,1633290
2021-07,9.5–14kw,62531,1695821
2021-08,9.5–14kw,63496,1759317
2021-09,9.5–14kw,75908,1835225
2021-10,9.5–14kw,72824,1908049
2021-11,9.5–14kw,78615,1986664
2021-12,9.5–14kw,90020,2076684
2022-01,9.5–14kw,40605,2117289
2022-02,9.5–14kw,60783,2178072
2022-03,9.5–14kw,64830,2242902
2022-04,9.5–14kw,54376,2297278
2022-05,9.5–14kw,58962,2356240
2022-06,9.5–14kw,71066,2427306
2022-07,9.5–14kw,68843,2496149
2022-08,9.5–14kw,83628,2579777
2022-09,9.5–14kw,76725,2656502
2022-10,9.5–14kw,72970,2729472
2022-11,9.5–14kw,100406,2829878
2022-12,9.5–14kw,100522,2930400
2023-01,9.5–14kw,58862,2989262
2023-02,9.5–14kw,79520,3068782
2023-03,9.5–14kw,83825,3152607
2023-04,9.5–14kw,67968,3220575
2023-05,9.5–14kw,88720,3309295
2023-06,9.5–14kw,85893,3395188
2023-07,9.5–14kw,94146,3489334
2023-08,9.5–14kw,105818,3595152
2023-09,9.5–14kw,101477,3696629
2023-10,9.5–14kw,107624,3804253
2023-11,9.5–14kw,120055,3924308
2023-12,9.5–14kw,118021,4042329
2024-01,9.5–14kw,73359,4115688
2024-02,9.5–14kw,101995,4217683
2024-03,9.5–14kw,97716,4315399
2024-04,9.5–14kw,98430,4413829
2024-05,9.5–14kw,99339,4513168
2024-06,9.5–14kw,56305,4569473
2007-01,14–25kw,20,20
2007-02,14–25kw,0,20
2007-03,14–25kw,0,20
2007-04,14–25kw,0,20
2007-05,14–25kw,0,20
2007-06,14–25kw,0,20
2007-07,14–25kw,38,58
2007-08,14–25kw,0,58
2007-09,14–25kw,0,58
2007-10,14–25kw,36,94
2007-11,14–25kw,0,94
2007-12,14–25kw,31,125
2008-01,14–25kw,0,125
2008-02,14–25kw,0,125
2008-03,14–25kw,0,125
2008-04,14–25kw,0,125
2008-05,14–25kw,0,125
2008-06,14–25kw,15,140
2008-07,14–25kw,49,189
2008-08,14–25kw,17,206
2008-09,14–25kw,0,206
2008-10,14–25kw,16,222
2008-11,14–25kw,34,256
2008-12,14–25kw,20,276
2009-01,14–25kw,16,292
2009-02,14–25kw,43,335
2009-03,14–25kw,15,350
2009-04,14–25kw,23,373
2009-05,14–25kw,14,387
2009-06,14–25kw,87,474
2009-07,14–25kw,40,514
2009-08,14–25kw,32,546
2009-09,14–25kw,103,649
2009-10,14–25kw,59,708
2009-11,14–25kw,61,769
2009-12,14–25kw,40,809
2010-01,14–25kw,0,809
2010-02,14–25kw,100,909
2010-03,14–25kw,153,1062
2010-04,14–25kw,135,1197
2010-05,14–25kw,67,1264
2010-06,14–25kw,114,1378
2010-07,14–25kw,125,1503
2010-08,14–25kw,185,1688
2010-09,14–25kw,241,1929
2010-10,14–25kw,152,2081
2010-11,14–25kw,438,2519
2010-12,14–25kw,243,2762
2011-01,14–25kw,264,3026
2011-02,14–25kw,409,3435
2011-03,14–25kw,375,3810
2011-04,14–25kw,554,4364
2011-05,14–25kw,697,5061
2011-06,14–25kw,2044,7105
2011-07,14–25kw,667,7772
2011-08,14–25kw,457,8229
2011-09,14–25kw,574,8803
2011-10,14–25kw,452,9255
2011-11,14–25kw,355,9610
2011-12,14–25kw,584,10194
2012-01,14–25kw,203,10397
2012-02,14–25kw,429,10826
2012-03,14–25kw,459,11285
2012-04,14–25kw,754,12039
2012-05,14–25kw,1052,13091
2012-06,14–25kw,1785,14876
2012-07,14–25kw,1247,16123
2012-08,14–25kw,832,16955
2012-09,14–25kw,1735,18690
2012-10,14–25kw,1225,19915
2012-11,14–25kw,1065,20980
2012-12,14–25kw,1841,22821
2013-01,14–25kw,1131,23952
2013-02,14–25kw,1717,25669
2013-03,14–25kw,1758,27427
2013-04,14–25kw,1262,28689
2013-05,14–25kw,2163,30852
2013-06,14–25kw,2339,33191
2013-07,14–25kw,1989,35180
2013-08,14–25kw,1818,36998
2013-09,14–25kw,2124,39122
2013-10,14–25kw,2355,41477
2013-11,14–25kw,2313,43790
2013-12,14–25kw,2611,46401
2014-01,14–25kw,2693,49094
2014-02,14–25kw,1729,50823
2014-03,14–25kw,2058,52881
2014-04,14–25kw,1590,54471
2014-05,14–25kw,2429,56900
2014-06,14–25kw,2450,59350
2014-07,14–25kw,2926,62276
2014-08,14–25kw,2735,65011
2014-09,14–25kw,2747,67758
2014-10,14–25kw,3423,71181
2014-11,14–25kw,2244,73425
2014-12,14–25kw,3015,76440
2015-01,14–25kw,2235,78675
2015-02,14–25kw,2908,81583
2015-03,14–25kw,2993,84576
2015-04,14–25kw,2843,87419
2015-05,14–25kw,2841,90260
2015-06,14–25kw,3718,93978
2015-07,14–25kw,3400,97378
2015-08,14–25kw,2688,100066
2015-09,14–25kw,3351,103417
2015-10,14–25kw,2604,106021
2015-11,14–25kw,3055,109076
2015-12,14–25kw,3203,112279
2016-01,14–25kw,1857,114136
2016-02,14–25kw,2733,116869
2016-03,14–25kw,2453,119322
2016-04,14–25kw,2805,122127
2016-05,14–25kw,3212,125339
2016-06,14–25kw,3714,129053
2016-07,14–25kw,3369,132422
2016-08,14–25kw,3993,136415
2016-09,14–25kw,3920,140335
2016-10,14–25kw,3365,143700
2016-11,14–25kw,4153,147853
2016-12,14–25kw,5589,153442
2017-01,14–25kw,2126,155568
2017-02,14–25kw,3355,158923
2017-03,14–25kw,4000,162923
2017-04,14–25kw,3254,166177
2017-05,14–25kw,5802,171979
2017-06,14–25kw,5915,177894
2017-07,14–25kw,5291,183185
2017-08,14–25kw,5121,188306
2017-09,14–25kw,5299,193605
2017-10,14–25kw,5503,199108
2017-11,14–25kw,7440,206548
2017-12,14–25kw,8685,215233
2018-01,14–25kw,4114,219347
2018-02,14–25kw,5896,225243
2018-03,14–25kw,6812,232055
2018-04,14–25kw,6795,238850
2018-05,14–25kw,8094,246944
2018-06,14–25kw,8637,255581
2018-07,14–25kw,7930,263511
2018-08,14–25kw,9173,272684
2018-09,14–25kw,7125,279809
2018-10,14–25kw,7707,287516
2018-11,14–25kw,8974,296490
2018-12,14–25kw,12044,308534
2019-01,14–25kw,4866,313400
2019-02,14–25kw,7043,320443
2019-03,14–25kw,8610,329053
2019-04,14–25kw,6924,335977
2019-05,14–25kw,9613,345590
2019-06,14–25kw,10654,356244
2019-07,14–25kw,9966,366210
2019-08,14–25kw,9279,375489
2019-09,14–25kw,9804,385293
2019-10,14–25kw,10205,395498
2019-11,14–25kw,11336,406834
2019-12,14–25kw,15170,422004
2020-01,14–25kw,6194,428198
2020-02,14–25kw,8953,437151
2020-03,14–25kw,10758,447909
2020-04,14–25kw,9624,457533
2020-05,14–25kw,10934,468467
2020-06,14–25kw,13153,481620
2020-07,14–25kw,12624,494244
2020-08,14–25kw,11951,506195
2020-09,14–25kw,15676,521871
2020-10,14–25kw,13561,535432
2020-11,14–25kw,15729,551161
2020-12,14–25kw,22794,573955
2021-01,14–25kw,8040,581995
2021-02,14–25kw,13152,595147
2021-03,14–25kw,15276,610423
2021-04,14–25kw,14168,624591
2021-05,14–25kw,16299,640890
2021-06,14–25kw,17467,658357
2021-07,14–25kw,15321,673678
2021-08,14–25kw,15193,688871
2021-09,14–25kw,16480,705351
2021-10,14–25kw,16355,721706
2021-11,14–25kw,17719,739425
2021-12,14–25kw,25437,764862
2022-01,14–25kw,6615,771477
2022-02,14–25kw,12077,783554
2022-03,14–25kw,13367,796921
2022-04,14–25kw,11961,808882
2022-05,14–25kw,13188,822070
2022-06,14–25kw,17465,839535
2022-07,14–25kw,14866,854401
2022-08,14–25kw,17094,871495
2022-09,14–25kw,16282,887777
2022-10,14–25kw,17664,905441
2022-11,14–25kw,22686,928127
2022-12,14–25kw,29970,958097
2023-01,14–25kw,8694,966791
2023-02,14–25kw,15840,982631
2023-03,14–25kw,19026,1001657
2023-04,14–25kw,14743,1016400
2023-05,14–25kw,20278,1036678
2023-06,14–25kw,20897,1057575
2023-07,14–25kw,19988,1077563
2023-08,14–25kw,22846,1100409
2023-09,14–25kw,22602,1123011
2023-10,14–25kw,22684,1145695
2023-11,14–25kw,26823,1172518
2023-12,14–25kw,34411,1206929
2024-01,14–25kw,12321,1219250
2024-02,14–25kw,19101,1238351
2024-03,14–25kw,21360,1259711
2024-04,14–25kw,20826,1280537
2024-05,14–25kw,22520,1303057
2024-06,14–25kw,12334,1315391
2007-01,25–50kw,0,0
2007-02,25–50kw,0,0
2007-03,25–50kw,0,0
2007-04,25–50kw,0,0
2007-05,25–50kw,0,0
2007-06,25–50kw,0,0
2007-07,25–50kw,0,0
2007-08,25–50kw,0,0
2007-09,25–50kw,0,0
2007-10,25–50kw,0,0
2007-11,25–50kw,32,32
2007-12,25–50kw,0,32
2008-01,25–50kw,0,32
2008-02,25–50kw,0,32
2008-03,25–50kw,0,32
2008-04,25–50kw,36,68
2008-05,25–50kw,0,68
2008-06,25–50kw,0,68
2008-07,25–50kw,0,68
2008-08,25–50kw,0,68
2008-09,25–50kw,0,68
2008-10,25–50kw,30,98
2008-11,25–50kw,0,98
2008-12,25–50kw,58,156
2009-01,25–50kw,0,156
2009-02,25–50kw,0,156
2009-03,25–50kw,0,156
2009-04,25–50kw,0,156
2009-05,25–50kw,56,212
2009-06,25–50kw,0,212
2009-07,25–50kw,34,246
2009-08,25–50kw,71,317
2009-09,25–50kw,129,446
2009-10,25–50kw,57,503
2009-11,25–50kw,0,503
2009-12,25–50kw,116,619
2010-01,25–50kw,64,683
2010-02,25–50kw,0,683
2010-03,25–50kw,182,865
2010-04,25–50kw,29,894
2010-05,25–50kw,85,979
2010-06,25–50kw,249,1228
2010-07,25–50kw,290,1518
2010-08,25–50kw,323,1841
2010-09,25–50kw,266,2107
2010-10,25–50kw,218,2325
2010-11,25–50kw,576,2901
2010-12,25–50kw,309,3210
2011-01,25–50kw,419,3629
2011-02,25–50kw,273,3902
2011-03,25–50kw,522,4424
2011-04,25–50kw,479,4903
2011-05,25–50kw,1125,6028
2011-06,25–50kw,1925,7953
2011-07,25–50kw,583,8536
2011-08,25–50kw,772,9308
2011-09,25–50kw,1080,10388
2011-10,25–50kw,916,11304
2011-11,25–50kw,977,12281
2011-12,25–50kw,988,13269
2012-01,25–50kw,606,13875
2012-02,25–50kw,771,14646
2012-03,25–50kw,688,15334
2012-04,25–50kw,602,15936
2012-05,25–50kw,1365,17301
2012-06,25–50kw,1460,18761
2012-07,25–50kw,886,19647
2012-08,25–50kw,828,20475
2012-09,25–50kw,1311,21786
2012-10,25–50kw,710,22496
2012-11,25–50kw,1279,23775
2012-12,25–50kw,1709,25484
2013-01,25–50kw,1047,26531
2013-02,25–50kw,1169,27700
2013-03,25–50kw,1753,29453
2013-04,25–50kw,1481,30934
2013-05,25–50kw,2278,33212
2013-06,25–50kw,2949,36161
2013-07,25–50kw,2165,38326
2013-08,25–50kw,2236,40562
2013-09,25–50kw,2184,42746
2013-10,25–50kw,2975,45721
2013-11,25–50kw,2625,48346
2013-12,25–50kw,3719,52065
2014-01,25–50kw,3867,55932
2014-02,25–50kw,2280,58212
2014-03,25–50kw,2765,60977
2014-04,25–50kw,2124,63101
2014-05,25–50kw,3056,66157
2014-06,25–50kw,3718,69875
2014-07,25–50kw,4302,74177
2014-08,25–50kw,3866,78043
2014-09,25–50kw,4018,82061
2014-10,25–50kw,4001,86062
2014-11,25–50kw,4414,90476
2014-12,25–50kw,4301,94777
2015-01,25–50kw,2779,97556
2015-02,25–50kw,3805,101361
2015-03,25–50kw,3348,104709
2015-04,25–50kw,2861,107570
2015-05,25–50kw,3808,111378
2015-06,25–50kw,4133,115511
2015-07,25–50kw,4080,119591
2015-08,25–50kw,3999,123590
2015-09,25–50kw,3356,126946
2015-10,25–50kw,4267,131213
2015-11,25–50kw,4246,135459
2015-12,25–50kw,3408,138867
2016-01,25–50kw,1930,140797
2016-02,25–50kw,3709,144506
2016-03,25–50kw,3349,147855
2016-04,25–50kw,3381,151236
2016-05,25–50kw,3809,155045
2016-06,25–50kw,4487,159532
2016-07,25–50kw,4060,163592
2016-08,25–50kw,4866,168458
2016-09,25–50kw,5621,174079
2016-10,25–50kw,4940,179019
2016-11,25–50kw,5135,184154
2016-12,25–50kw,8922,193076
2017-01,25–50kw,2518,195594
2017-02,25–50kw,4644,200238
2017-03,25–50kw,5863,206101
2017-04,25–50kw,5512,211613
2017-05,25–50kw,6534,218147
2017-06,25–50kw,8236,226383
2017-07,25–50kw,6420,232803
2017-08,25–50kw,7654,240457
2017-09,25–50kw,7395,247852
2017-10,25–50kw,7675,255527
2017-11,25–50kw,8876,264403
2017-12,25–50kw,12570,276973
2018-01,25–50kw,4733,281706
2018-02,25–50kw,6860,288566
2018-03,25–50kw,8158,296724
2018-04,25–50kw,8051,304775
2018-05,25–50kw,10169,314944
2018-06,25–50kw,10449,325393
2018-07,25–50kw,9418,334811
2018-08,25–50kw,9749,344560
2018-09,25–50kw,8621,353181
2018-10,25–50kw,10435,363616
2018-11,25–50kw,10701,374317
2018-12,25–50kw,14491,388808
2019-01,25–50kw,5302,394110
2019-02,25–50kw,7159,401269
2019-03,25–50kw,8548,409817
2019-04,25–50kw,8228,418045
2019-05,25–50kw,11004,429049
2019-06,25–50kw,12830,441879
2019-07,25–50kw,11350,453229
2019-08,25–50kw,12976,466205
2019-09,25–50kw,12533,478738
2019-10,25–50kw,12916,491654
2019-11,25–50kw,14515,506169
2019-12,25–50kw,18250,524419
2020-01,25–50kw,5915,530334
2020-02,25–50kw,9136,539470
2020-03,25–50kw,10984,550454
2020-04,25–50kw,10455,560909
2020-05,25–50kw,11162,572071
2020-06,25–50kw,15682,587753
2020-07,25–50kw,13007,600760
2020-08,25–50kw,11489,612249
2020-09,25–50kw,13070,625319
2020-10,25–50kw,13506,638825
2020-11,25–50kw,16313,655138
2020-12,25–50kw,24636,679774
2021-01,25–50kw,6540,686314
2021-02,25–50kw,11714,698028
2021-03,25–50kw,13933,711961
2021-04,25–50kw,13323,725284
2021-05,25–50kw,15662,740946
2021-06,25–50kw,18849,759795
2021-07,25–50kw,14791,774586
2021-08,25–50kw,13225,787811
2021-09,25–50kw,13676,801487
2021-10,25–50kw,13123,814610
2021-11,25–50kw,17311,831921
2021-12,25–50kw,25660,857581
2022-01,25–50kw,4841,862422
2022-02,25–50kw,9367,871789
2022-03,25–50kw,10442,882231
2022-04,25–50kw,9540,891771
2022-05,25–50kw,10293,902064
2022-06,25–50kw,12396,914460
2022-07,25–50kw,10791,925251
2022-08,25–50kw,12070,937321
2022-09,25–50kw,12846,950167
2022-10,25–50kw,12970,963137
2022-11,25–50kw,15961,979098
2022-12,25–50kw,25182,1004280
2023-01,25–50kw,5740,1010020
2023-02,25–50kw,11429,1021449
2023-03,25–50kw,12438,1033887
2023-04,25–50kw,12383,1046270
2023-05,25–50kw,15650,1061920
2023-06,25–50kw,18012,1079932
2023-07,25–50kw,15110,1095042
2023-08,25–50kw,16131,1111173
2023-09,25–50kw,14480,1125653
2023-10,25–50kw,15801,1141454
2023-11,25–50kw,19026,1160480
2023-12,25–50kw,27061,1187541
2024-01,25–50kw,6158,1193699
2024-02,25–50kw,11783,1205482
2024-03,25–50kw,12272,1217754
2024-04,25–50kw,12053,1229807
2024-05,25–50kw,13814,1243621
2024-06,25–50kw,6741,1250362
2007-01,50–100kw,0,0
2007-02,50–100kw,0,0
2007-03,50–100kw,0,0
2007-04,50–100kw,0,0
2007-05,50–100kw,0,0
2007-06,50–100kw,0,0
2007-07,50–100kw,0,0
2007-08,50–100kw,0,0
2007-09,50–100kw,0,0
2007-10,50–100kw,0,0
2007-11,50–100kw,0,0
2007-12,50–100kw,64,64
2008-01,50–100kw,99,163
2008-02,50–100kw,0,163
2008-03,50–100kw,0,163
2008-04,50–100kw,0,163
2008-05,50–100kw,0,163
2008-06,50–100kw,0,163
2008-07,50–100kw,0,163
2008-08,50–100kw,0,163
2008-09,50–100kw,0,163
2008-10,50–100kw,0,163
2008-11,50–100kw,0,163
2008-12,50–100kw,0,163
2009-01,50–100kw,0,163
2009-02,50–100kw,0,163
2009-03,50–100kw,100,263
2009-04,50–100kw,0,263
2009-05,50–100kw,0,263
2009-06,50–100kw,0,263
2009-07,50–100kw,0,263
2009-08,50–100kw,0,263
2009-09,50–100kw,0,263
2009-10,50–100kw,0,263
2009-11,50–100kw,0,263
2009-12,50–100kw,51,314
2010-01,50–100kw,0,314
2010-02,50–100kw,0,314
2010-03,50–100kw,67,381
2010-04,50–100kw,0,381
2010-05,50–100kw,159,540
2010-06,50–100kw,200,740
2010-07,50–100kw,0,740
2010-08,50–100kw,120,860
2010-09,50–100kw,228,1088
2010-10,50–100kw,144,1232
2010-11,50–100kw,507,1739
2010-12,50–100kw,227,1966
2011-01,50–100kw,205,2171
2011-02,50–100kw,389,2560
2011-03,50–100kw,0,2560
2011-04,50–100kw,148,2708
2011-05,50–100kw,636,3344
2011-06,50–100kw,1517,4861
2011-07,50–100kw,110,4971
2011-08,50–100kw,0,4971
2011-09,50–100kw,56,5027
2011-10,50–100kw,0,5027
2011-11,50–100kw,51,5078
2011-12,50–100kw,50,5128
2012-01,50–100kw,206,5334
2012-02,50–100kw,121,5455
2012-03,50–100kw,99,5554
2012-04,50–100kw,116,5670
2012-05,50–100kw,317,5987
2012-06,50–100kw,417,6404
2012-07,50–100kw,116,6520
2012-08,50–100kw,206,6726
2012-09,50–100kw,263,6989
2012-10,50–100kw,592,7581
2012-11,50–100kw,411,7992
2012-12,50–100kw,644,8636
2013-01,50–100kw,811,9447
2013-02,50–100kw,936,10383
2013-03,50–100kw,1376,11759
2013-04,50–100kw,1102,12861
2013-05,50–100kw,1433,14294
2013-06,50–100kw,1197,15491
2013-07,50–100kw,1436,16927
2013-08,50–100kw,1071,17998
2013-09,50–100kw,1694,19692
2013-10,50–100kw,1771,21463
2013-11,50–100kw,1670,23133
2013-12,50–100kw,2033,25166
2014-01,50–100kw,1525,26691
2014-02,50–100kw,1366,28057
2014-03,50–100kw,3446,31503
2014-04,50–100kw,1424,32927
2014-05,50–100kw,3788,36715
2014-06,50–100kw,2957,39672
2014-07,50–100kw,3060,42732
2014-08,50–100kw,3541,46273
2014-09,50–100kw,2732,49005
2014-10,50–100kw,3343,52348
2014-11,50–100kw,3695,56043
2014-12,50–100kw,4236,60279
2015-01,50–100kw,3768,64047
2015-02,50–100kw,3837,67884
2015-03,50–100kw,3935,71819
2015-04,50–100kw,1968,73787
2015-05,50–100kw,3800,77587
2015-06,50–100kw,3598,81185
2015-07,50–100kw,3472,84657
2015-08,50–100kw,3697,88354
2015-09,50–100kw,3612,91966
2015-10,50–100kw,5043,97009
2015-11,50–100kw,3120,100129
2015-12,50–100kw,5412,105541
2016-01,50–100kw,2748,108289
2016-02,50–100kw,3652,111941
2016-03,50–100kw,3941,115882
2016-04,50–100kw,5427,121309
2016-05,50–100kw,5365,126674
2016-06,50–100kw,4853,131527
2016-07,50–100kw,5280,136807
2016-08,50–100kw,4784,141591
2016-09,50–100kw,5726,147317
2016-10,50–100kw,6439,153756
2016-11,50–100kw,5209,158965
2016-12,50–100kw,15771,174736
2017-01,50–100kw,2791,177527
2017-02,50–100kw,3478,181005
2017-03,50–100kw,6892,187897
2017-04,50–100kw,5887,193784
2017-05,50–100kw,9989,203773
2017-06,50–100kw,10025,213798
2017-07,50–100kw,10117,223915
2017-08,50–100kw,7827,231742
2017-09,50–100kw,8748,240490
2017-10,50–100kw,11639,252129
2017-11,50–100kw,14020,266149
2017-12,50–100kw,28046,294195
2018-01,50–100kw,5826,300021
2018-02,50–100kw,9286,309307
2018-03,50–100kw,11504,320811
2018-04,50–100kw,11043,331854
2018-05,50–100kw,15911,347765
2018-06,50–100kw,16034,363799
2018-07,50–100kw,10571,374370
2018-08,50–100kw,12804,387174
2018-09,50–100kw,10892,398066
2018-10,50–100kw,13523,411589
2018-11,50–100kw,19109,430698
2018-12,50–100kw,32485,463183
2019-01,50–100kw,6312,469495
2019-02,50–100kw,13016,482511
2019-03,50–100kw,12631,495142
2019-04,50–100kw,10961,506103
2019-05,50–100kw,17370,523473
2019-06,50–100kw,17023,540496
2019-07,50–100kw,17245,557741
2019-08,50–100kw,13978,571719
2019-09,50–100kw,14331,586050
2019-10,50–100kw,17456,603506
2019-11,50–100kw,20365,623871
2019-12,50–100kw,37131,661002
2020-01,50–100kw,8324,669326
2020-02,50–100kw,13274,682600
2020-03,50–100kw,18534,701134
2020-04,50–100kw,16709,717843
2020-05,50–100kw,19760,737603
2020-06,50–100kw,26999,764602
2020-07,50–100kw,19829,784431
2020-08,50–100kw,13788,798219
2020-09,50–100kw,15671,813890
2020-10,50–100kw,17702,831592
2020-11,50–100kw,22346,853938
2020-12,50–100kw,33983,887921
2021-01,50–100kw,5705,893626
2021-02,50–100kw,10550,904176
2021-03,50–100kw,15034,919210
2021-04,50–100kw,12007,931217
2021-05,50–100kw,18731,949948
2021-06,50–100kw,20835,970783
2021-07,50–100kw,16088,986871
2021-08,50–100kw,13960,1000831
2021-09,50–100kw,13097,1013928
2021-10,50–100kw,20283,1034211
2021-11,50–100kw,21860,1056071
2021-12,50–100kw,38379,1094450
2022-01,50–100kw,2465,1096915
2022-02,50–100kw,6245,1103160
2022-03,50–100kw,12558,1115718
2022-04,50–100kw,11274,1126992
2022-05,50–100kw,16167,1143159
2022-06,50–100kw,13975,1157134
2022-07,50–100kw,10761,1167895
2022-08,50–100kw,14223,1182118
2022-09,50–100kw,12230,1194348
2022-10,50–100kw,16218,1210566
2022-11,50–100kw,18569,1229135
2022-12,50–100kw,40014,1269149
2023-01,50–100kw,4058,1273207
2023-02,50–100kw,9679,1282886
2023-03,50–100kw,12184,1295070
2023-04,50–100kw,9835,1304905
2023-05,50–100kw,17918,1322823
2023-06,50–100kw,18561,1341384
2023-07,50–100kw,15309,1356693
2023-08,50–100kw,14793,1371486
2023-09,50–100kw,16952,1388438
2023-10,50–100kw,14471,1402909
2023-11,50–100kw,17424,1420333
2023-12,50–100kw,31195,1451528
2024-01,50–100kw,3323,1454851
2024-02,50–100kw,6780,1461631
2024-03,50–100kw,8728,1470359
2024-04,50–100kw,3722,1474081
2024-05,50–100kw,2475,1476556
2024-06,50–100kw,299,1476855
2007-01,100kW–5MW,0,0
2007-02,100kW–5MW,0,0
2007-03,100kW–5MW,0,0
2007-04,100kW–5MW,0,0
2007-05,100kW–5MW,0,0
2007-06,100kW–5MW,0,0
2007-07,100kW–5MW,0,0
2007-08,100kW–5MW,0,0
2007-09,100kW–5MW,0,0
2007-10,100kW–5MW,0,0
2007-11,100kW–5MW,0,0
2007-12,100kW–5MW,0,0
2008-01,100kW–5MW,0,0
2008-02,100kW–5MW,0,0
2008-03,100kW–5MW,0,0
2008-04,100kW–5MW,0,0
2008-05,100kW–5MW,0,0
2008-06,100kW–5MW,0,0
2008-07,100kW–5MW,0,0
2008-08,100kW–5MW,0,0
2008-09,100kW–5MW,0,0
2008-10,100kW–5MW,0,0
2008-11,100kW–5MW,0,0
2008-12,100kW–5MW,0,0
2009-01,100kW–5MW,0,0
2009-02,100kW–5MW,0,0
2009-03,100kW–5MW,0,0
2009-04,100kW–5MW,0,0
2009-05,100kW–5MW,0,0
2009-06,100kW–5MW,0,0
2009-07,100kW–5MW,0,0
2009-08,100kW–5MW,0,0
2009-09,100kW–5MW,0,0
2009-10,100kW–5MW,0,0
2009-11,100kW–5MW,0,0
2009-12,100kW–5MW,0,0
2010-01,100kW–5MW,0,0
2010-02,100kW–5MW,0,0
2010-03,100kW–5MW,0,0
2010-04,100kW–5MW,0,0
2010-05,100kW–5MW,0,0
2010-06,100kW–5MW,0,0
2010-07,100kW–5MW,0,0
2010-08,100kW–5MW,0,0
2010-09,100kW–5MW,0,0
2010-10,100kW–5MW,0,0
2010-11,100kW–5MW,0,0
2010-12,100kW–5MW,0,0
2011-01,100kW–5MW,0,0
2011-02,100kW–5MW,0,0
2011-03,100kW–5MW,0,0
2011-04,100kW–5MW,0,0
2011-05,100kW–5MW,0,0
2011-06,100kW–5MW,0,0
2011-07,100kW–5MW,0,0
2011-08,100kW–5MW,0,0
2011-09,100kW–5MW,100,100
2011-10,100kW–5MW,0,100
2011-11,100kW–5MW,0,100
2011-12,100kW–5MW,0,100
2012-01,100kW–5MW,0,100
2012-02,100kW–5MW,0,100
2012-03,100kW–5MW,0,100
2012-04,100kW–5MW,0,100
2012-05,100kW–5MW,0,100
2012-06,100kW–5MW,0,100
2012-07,100kW–5MW,0,100
2012-08,100kW–5MW,0,100
2012-09,100kW–5MW,0,100
2012-10,100kW–5MW,200,300
2012-11,100kW–5MW,100,400
2012-12,100kW–5MW,0,400
2013-01,100kW–5MW,0,400
2013-02,100kW–5MW,200,600
2013-03,100kW–5MW,100,700
2013-04,100kW–5MW,300,1000
2013-05,100kW–5MW,0,1000
2013-06,100kW–5MW,200,1200
2013-07,100kW–5MW,200,1400
2013-08,100kW–5MW,300,1700
2013-09,100kW–5MW,500,2200
2013-10,100kW–5MW,400,2600
2013-11,100kW–5MW,400,3000
2013-12,100kW–5MW,700,3700
2014-01,100kW–5MW,528,4228
2014-02,100kW–5MW,939,5167
2014-03,100kW–5MW,900,6067
2014-04,100kW–5MW,5260,11327
2014-05,100kW–5MW,2659,13986
2014-06,100kW–5MW,969,14955
2014-07,100kW–5MW,1678,16633
2014-08,100kW–5MW,1084,17717
2014-09,100kW–5MW,862,18579
2014-10,100kW–5MW,1033,19612
2014-11,100kW–5MW,1897,21509
2014-12,100kW–5MW,1500,23009
2015-01,100kW–5MW,688,23697
2015-02,100kW–5MW,725,24422
2015-03,100kW–5MW,1687,26109
2015-04,100kW–5MW,2371,28480
2015-05,100kW–5MW,3055,31535
2015-06,100kW–5MW,1000,32535
2015-07,100kW–5MW,1250,33785
2015-08,100kW–5MW,1016,34801
2015-09,100kW–5MW,2806,37607
2015-10,100kW–5MW,2071,39678
2015-11,100kW–5MW,5895,45573
2015-12,100kW–5MW,3848,49421
2016-01,100kW–5MW,894,50315
2016-02,100kW–5MW,1164,51479
2016-03,100kW–5MW,2207,53686
2016-04,100kW–5MW,2140,55826
2016-05,100kW–5MW,1210,57036
2016-06,100kW–5MW,7522,64558
2016-07,100kW–5MW,1281,65839
2016-08,100kW–5MW,2775,68614
2016-09,100kW–5MW,3190,71804
2016-10,100kW–5MW,1954,73758
2016-11,100kW–5MW,3304,77062
2016-12,100kW–5MW,3004,80066
2017-01,100kW–5MW,2487,82553
2017-02,100kW–5MW,1912,84465
2017-03,100kW–5MW,3154,87619
2017-04,100kW–5MW,1252,88871
2017-05,100kW–5MW,6263,95134
2017-06,100kW–5MW,5249,100383
2017-07,100kW–5MW,2205,102588
2017-08,100kW–5MW,2882,105470
2017-09,100kW–5MW,3899,109369
2017-10,100kW–5MW,4533,113902
2017-11,100kW–5MW,15613,129515
2017-12,100kW–5MW,4258,133773
2018-01,100kW–5MW,4193,137966
2018-02,100kW–5MW,12044,150010
2018-03,100kW–5MW,5598,155608
2018-04,100kW–5MW,10344,165952
2018-05,100kW–5MW,11998,177950
2018-06,100kW–5MW,9192,187142
2018-07,100kW–5MW,9675,196817
2018-08,100kW–5MW,7513,204330
2018-09,100kW–5MW,10909,215239
2018-10,100kW–5MW,10720,225959
2018-11,100kW–5MW,13609,239568
2018-12,100kW–5MW,18750,258318
2019-01,100kW–5MW,12712,271030
2019-02,100kW–5MW,14261,285291
2019-03,100kW–5MW,16403,301694
2019-04,100kW–5MW,10471,312165
2019-05,100kW–5MW,13578,325743
2019-06,100kW–5MW,14066,339809
2019-07,100kW–5MW,22046,361855
2019-08,100kW–5MW,21621,383476
2019-09,100kW–5MW,9224,392700
2019-10,100kW–5MW,12639,405339
2019-11,100kW–5MW,23931,429270
2019-12,100kW–5MW,18783,448053
2020-01,100kW–5MW,11505,459558
2020-02,100kW–5MW,23240,482798
2020-03,100kW–5MW,13791,496589
2020-04,100kW–5MW,20517,517106
2020-05,100kW–5MW,7969,525075
2020-06,100kW–5MW,8714,533789
2020-07,100kW–5MW,9959,543748
2020-08,100kW–5MW,11637,555385
2020-09,100kW–5MW,13282,568667
2020-10,100kW–5MW,8587,577254
2020-11,100kW–5MW,5545,582799
2020-12,100kW–5MW,12951,595750
2021-01,100kW–5MW,18812,614562
2021-02,100kW–5MW,13109,627671
2021-03,100kW–5MW,14337,642008
2021-04,100kW–5MW,4817,646825
2021-05,100kW–5MW,3987,650812
2021-06,100kW–5MW,8591,659403
2021-07,100kW–5MW,8621,668024
2021-08,100kW–5MW,12734,680758
2021-09,100kW–5MW,6643,687401
2021-10,100kW–5MW,10686,698087
2021-11,100kW–5MW,18566,716653
2021-12,100kW–5MW,19563,736216
2022-01,100kW–5MW,1935,738151
2022-02,100kW–5MW,5834,743985
2022-03,100kW–5MW,5472,749457
2022-04,100kW–5MW,5768,755225
2022-05,100kW–5MW,7034,762259
2022-06,100kW–5MW,9733,771992
2022-07,100kW–5MW,5416,777408
2022-08,100kW–5MW,5305,782713
2022-09,100kW–5MW,7390,790103
2022-10,100kW–5MW,17134,807237
2022-11,100kW–5MW,17620,824857
2022-12,100kW–5MW,9466,834323
2023-01,100kW–5MW,3554,837877
2023-02,100kW–5MW,11084,848961
2023-03,100kW–5MW,17782,866743
2023-04,100kW–5MW,9156,875899
2023-05,100kW–5MW,20231,896130
2023-06,100kW–5MW,19503,915633
2023-07,100kW–5MW,28193,943826
2023-08,100kW–5MW,6667,950493
2023-09,100kW–5MW,21042,971535
2023-10,100kW–5MW,14558,986093
2023-11,100kW–5MW,18611,1004704
2023-12,100kW–5MW,11708,1016412
2024-01,100kW–5MW,15372,1031784
2024-02,100kW–5MW,7994,1039778
2024-03,100kW–5MW,6282,1046060
2024-04,100kW–5MW,11750,1057810
2024-05,100kW–5MW,8816,1066626
2024-06,100kW–5MW,3775,1070401
2007-01,5MW–30MW,0,0
2007-02,5MW–30MW,0,0
2007-03,5MW–30MW,0,0
2007-04,5MW–30MW,0,0
2007-05,5MW–30MW,0,0
2007-06,5MW–30MW,0,0
2007-07,5MW–30MW,0,0
2007-08,5MW–30MW,0,0
2007-09,5MW–30MW,0,0
2007-10,5MW–30MW,0,0
2007-11,5MW–30MW,0,0
2007-12,5MW–30MW,0,0
2008-01,5MW–30MW,0,0
2008-02,5MW–30MW,0,0
2008-03,5MW–30MW,0,0
2008-04,5MW–30MW,0,0
2008-05,5MW–30MW,0,0
2008-06,5MW–30MW,0,0
2008-07,5MW–30MW,0,0
2008-08,5MW–30MW,0,0
2008-09,5MW–30MW,0,0
2008-10,5MW–30MW,0,0
2008-11,5MW–30MW,0,0
2008-12,5MW–30MW,0,0
2009-01,5MW–30MW,0,0
2009-02,5MW–30MW,0,0
2009-03,5MW–30MW,0,0
2009-04,5MW–30MW,0,0
2009-05,5MW–30MW,0,0
2009-06,5MW–30MW,0,0
2009-07,5MW–30MW,0,0
2009-08,5MW–30MW,0,0
2009-09,5MW–30MW,0,0
2009-10,5MW–30MW,0,0
2009-11,5MW–30MW,0,0
2009-12,5MW–30MW,0,0
2010-01,5MW–30MW,0,0
2010-02,5MW–30MW,0,0
2010-03,5MW–30MW,0,0
2010-04,5MW–30MW,0,0
2010-05,5MW–30MW,0,0
2010-06,5MW–30MW,0,0
2010-07,5MW–30MW,0,0
2010-08,5MW–30MW,0,0
2010-09,5MW–30MW,0,0
2010-10,5MW–30MW,0,0
2010-11,5MW–30MW,0,0
2010-12,5MW–30MW,0,0
2011-01,5MW–30MW,0,0
2011-02,5MW–30MW,0,0
2011-03,5MW–30MW,0,0
2011-04,5MW–30MW,0,0
2011-05,5MW–30MW,0,0
2011-06,5MW–30MW,0,0
2011-07,5MW–30MW,0,0
2011-08,5MW–30MW,0,0
2011-09,5MW–30MW,0,0
2011-10,5MW–30MW,0,0
2011-11,5MW–30MW,0,0
2011-12,5MW–30MW,0,0
2012-01,5MW–30MW,0,0
2012-02,5MW–30MW,0,0
2012-03,5MW–30MW,0,0
2012-04,5MW–30MW,0,0
2012-05,5MW–30MW,0,0
2012-06,5MW–30MW,0,0
2012-07,5MW–30MW,0,0
2012-08,5MW–30MW,0,0
2012-09,5MW–30MW,0,0
2012-10,5MW–30MW,0,0
2012-11,5MW–30MW,0,0
2012-12,5MW–30MW,0,0
2013-01,5MW–30MW,0,0
2013-02,5MW–30MW,0,0
2013-03,5MW–30MW,0,0
2013-04,5MW–30MW,0,0
2013-05,5MW–30MW,0,0
2013-06,5MW–30MW,0,0
2013-07,5MW–30MW,0,0
2013-08,5MW–30MW,0,0
2013-09,5MW–30MW,0,0
2013-10,5MW–30MW,0,0
2013-11,5MW–30MW,0,0
2013-12,5MW–30MW,0,0
2014-01,5MW–30MW,0,0
2014-02,5MW–30MW,0,0
2014-03,5MW–30MW,0,0
2014-04,5MW–30MW,0,0
2014-05,5MW–30MW,20000,20000
2014-06,5MW–30MW,0,20000
2014-07,5MW–30MW,0,20000
2014-08,5MW–30MW,0,20000
2014-09,5MW–30MW,0,20000
2014-10,5MW–30MW,0,20000
2014-11,5MW–30MW,0,20000
2014-12,5MW–30MW,0,20000
2015-01,5MW–30MW,0,20000
2015-02,5MW–30MW,0,20000
2015-03,5MW–30MW,0,20000
2015-04,5MW–30MW,0,20000
2015-05,5MW–30MW,0,20000
2015-06,5MW–30MW,0,20000
2015-07,5MW–30MW,0,20000
2015-08,5MW–30MW,0,20000
2015-09,5MW–30MW,0,20000
2015-10,5MW–30MW,0,20000
2015-11,5MW–30MW,0,20000
2015-12,5MW–30MW,0,20000
2016-01,5MW–30MW,0,20000
2016-02,5MW–30MW,0,20000
2016-03,5MW–30MW,0,20000
2016-04,5MW–30MW,10560,30560
2016-05,5MW–30MW,0,30560
2016-06,5MW–30MW,0,30560
2016-07,5MW–30MW,0,30560
2016-08,5MW–30MW,0,30560
2016-09,5MW–30MW,0,30560
2016-10,5MW–30MW,0,30560
2016-11,5MW–30MW,0,30560
2016-12,5MW–30MW,23988,54548
2017-01,5MW–30MW,0,54548
2017-02,5MW–30MW,0,54548
2017-03,5MW–30MW,25000,79548
2017-04,5MW–30MW,0,79548
2017-05,5MW–30MW,0,79548
2017-06,5MW–30MW,0,79548
2017-07,5MW–30MW,15000,94548
2017-08,5MW–30MW,0,94548
2017-09,5MW–30MW,0,94548
2017-10,5MW–30MW,0,94548
2017-11,5MW–30MW,13054,107602
2017-12,5MW–30MW,10898,118500
2018-01,5MW–30MW,20162,138662
2018-02,5MW–30MW,0,138662
2018-03,5MW–30MW,17344,156006
2018-04,5MW–30MW,16519,172525
2018-05,5MW–30MW,37254,209779
2018-06,5MW–30MW,5962,215741
2018-07,5MW–30MW,0,215741
2018-08,5MW–30MW,5980,221721
2018-09,5MW–30MW,25172,246893
2018-10,5MW–30MW,19924,266817
2018-11,5MW–30MW,0,266817
2018-12,5MW–30MW,0,266817
2019-01,5MW–30MW,50874,317691
2019-02,5MW–30MW,11424,329115
2019-03,5MW–30MW,0,329115
2019-04,5MW–30MW,6093,335208
2019-05,5MW–30MW,0,335208
2019-06,5MW–30MW,7801,343009
2019-07,5MW–30MW,5807,348816
2019-08,5MW–30MW,28352,377168
2019-09,5MW–30MW,0,377168
2019-10,5MW–30MW,6861,384029
2019-11,5MW–30MW,29327,413356
2019-12,5MW–30MW,8299,421655
2020-01,5MW–30MW,20654,442309
2020-02,5MW–30MW,0,442309
2020-03,5MW–30MW,0,442309
2020-04,5MW–30MW,0,442309
2020-05,5MW–30MW,0,442309
2020-06,5MW–30MW,26240,468549
2020-07,5MW–30MW,16200,484749
2020-08,5MW–30MW,0,484749
2020-09,5MW–30MW,6720,491469
2020-10,5MW–30MW,0,491469
2020-11,5MW–30MW,0,491469
2020-12,5MW–30MW,45270,536739
2021-01,5MW–30MW,13664,550403
2021-02,5MW–30MW,8275,558678
2021-03,5MW–30MW,37095,595773
2021-04,5MW–30MW,18346,614119
2021-05,5MW–30MW,21161,635280
2021-06,5MW–30MW,0,635280
2021-07,5MW–30MW,0,635280
2021-08,5MW–30MW,30351,665631
2021-09,5MW–30MW,16854,682485
2021-10,5MW–30MW,0,682485
2021-11,5MW–30MW,40602,723087
2021-12,5MW–30MW,0,723087
2022-01,5MW–30MW,0,723087
2022-02,5MW–30MW,8450,731537
2022-03,5MW–30MW,12538,744075
2022-04,5MW–30MW,13620,757695
2022-05,5MW–30MW,0,757695
2022-06,5MW–30MW,13023,770718
2022-07,5MW–30MW,0,770718
2022-08,5MW–30MW,0,770718
2022-09,5MW–30MW,12130,782848
2022-10,5MW–30MW,8808,791656
2022-11,5MW–30MW,0,791656
2022-12,5MW–30MW,13294,804950
2023-01,5MW–30MW,0,804950
2023-02,5MW–30MW,24369,829319
2023-03,5MW–30MW,0,829319
2023-04,5MW–30MW,0,829319
2023-05,5MW–30MW,16215,845534
2023-06,5MW–30MW,14038,859572
2023-07,5MW–30MW,0,859572
2023-08,5MW–30MW,71302,930874
2023-09,5MW–30MW,5988,936862
2023-10,5MW–30MW,26478,963340
2023-11,5MW–30MW,11934,975274
2023-12,5MW–30MW,28405,1003679
2024-01,5MW–30MW,19574,1023253
2024-02,5MW–30MW,29419,1052672
2024-03,5MW–30MW,0,1052672
2024-04,5MW–30MW,0,1052672
2024-05,5MW–30MW,0,1052672
2024-06,5MW–30MW,0,1052672
2007-01,30+ MW,0,0
2007-02,30+ MW,0,0
2007-03,30+ MW,0,0
2007-04,30+ MW,0,0
2007-05,30+ MW,0,0
2007-06,30+ MW,0,0
2007-07,30+ MW,0,0
2007-08,30+ MW,0,0
2007-09,30+ MW,0,0
2007-10,30+ MW,0,0
2007-11,30+ MW,0,0
2007-12,30+ MW,0,0
2008-01,30+ MW,0,0
2008-02,30+ MW,0,0
2008-03,30+ MW,0,0
2008-04,30+ MW,0,0
2008-05,30+ MW,0,0
2008-06,30+ MW,0,0
2008-07,30+ MW,0,0
2008-08,30+ MW,0,0
2008-09,30+ MW,0,0
2008-10,30+ MW,0,0
2008-11,30+ MW,0,0
2008-12,30+ MW,0,0
2009-01,30+ MW,0,0
2009-02,30+ MW,0,0
2009-03,30+ MW,0,0
2009-04,30+ MW,0,0
2009-05,30+ MW,0,0
2009-06,30+ MW,0,0
2009-07,30+ MW,0,0
2009-08,30+ MW,0,0
2009-09,30+ MW,0,0
2009-10,30+ MW,0,0
2009-11,30+ MW,0,0
2009-12,30+ MW,0,0
2010-01,30+ MW,0,0
2010-02,30+ MW,0,0
2010-03,30+ MW,0,0
2010-04,30+ MW,0,0
2010-05,30+ MW,0,0
2010-06,30+ MW,0,0
2010-07,30+ MW,0,0
2010-08,30+ MW,0,0
2010-09,30+ MW,0,0
2010-10,30+ MW,0,0
2010-11,30+ MW,0,0
2010-12,30+ MW,0,0
2011-01,30+ MW,0,0
2011-02,30+ MW,0,0
2011-03,30+ MW,0,0
2011-04,30+ MW,0,0
2011-05,30+ MW,0,0
2011-06,30+ MW,0,0
2011-07,30+ MW,0,0
2011-08,30+ MW,0,0
2011-09,30+ MW,0,0
2011-10,30+ MW,0,0
2011-11,30+ MW,0,0
2011-12,30+ MW,0,0
2012-01,30+ MW,0,0
2012-02,30+ MW,0,0
2012-03,30+ MW,0,0
2012-04,30+ MW,0,0
2012-05,30+ MW,0,0
2012-06,30+ MW,0,0
2012-07,30+ MW,0,0
2012-08,30+ MW,0,0
2012-09,30+ MW,0,0
2012-10,30+ MW,0,0
2012-11,30+ MW,0,0
2012-12,30+ MW,0,0
2013-01,30+ MW,0,0
2013-02,30+ MW,0,0
2013-03,30+ MW,0,0
2013-04,30+ MW,0,0
2013-05,30+ MW,0,0
2013-06,30+ MW,0,0
2013-07,30+ MW,0,0
2013-08,30+ MW,0,0
2013-09,30+ MW,0,0
2013-10,30+ MW,0,0
2013-11,30+ MW,0,0
2013-12,30+ MW,0,0
2014-01,30+ MW,0,0
2014-02,30+ MW,0,0
2014-03,30+ MW,0,0
2014-04,30+ MW,0,0
2014-05,30+ MW,0,0
2014-06,30+ MW,0,0
2014-07,30+ MW,0,0
2014-08,30+ MW,0,0
2014-09,30+ MW,0,0
2014-10,30+ MW,0,0
2014-11,30+ MW,0,0
2014-12,30+ MW,0,0
2015-01,30+ MW,0,0
2015-02,30+ MW,0,0
2015-03,30+ MW,102000,102000
2015-04,30+ MW,0,102000
2015-05,30+ MW,0,102000
2015-06,30+ MW,0,102000
2015-07,30+ MW,53000,155000
2015-08,30+ MW,0,155000
2015-09,30+ MW,0,155000
2015-10,30+ MW,0,155000
2015-11,30+ MW,0,155000
2015-12,30+ MW,0,155000
2016-01,30+ MW,0,155000
2016-02,30+ MW,56000,211000
2016-03,30+ MW,0,211000
2016-04,30+ MW,0,211000
2016-05,30+ MW,0,211000
2016-06,30+ MW,0,211000
2016-07,30+ MW,0,211000
2016-08,30+ MW,0,211000
2016-09,30+ MW,0,211000
2016-10,30+ MW,0,211000
2016-11,30+ MW,0,211000
2016-12,30+ MW,0,211000
2017-01,30+ MW,0,211000
2017-02,30+ MW,0,211000
2017-03,30+ MW,0,211000
2017-04,30+ MW,0,211000
2017-05,30+ MW,0,211000
2017-06,30+ MW,0,211000
2017-07,30+ MW,0,211000
2017-08,30+ MW,0,211000
2017-09,30+ MW,0,211000
2017-10,30+ MW,0,211000
2017-11,30+ MW,0,211000
2017-12,30+ MW,129091,340091
2018-01,30+ MW,34942,375033
2018-02,30+ MW,0,375033
2018-03,30+ MW,339284,714317
2018-04,30+ MW,0,714317
2018-05,30+ MW,193702,908019
2018-06,30+ MW,0,908019
2018-07,30+ MW,385566,1293585
2018-08,30+ MW,207051,1500636
2018-09,30+ MW,657275,2157911
2018-10,30+ MW,112459,2270370
2018-11,30+ MW,205416,2475786
2018-12,30+ MW,75092,2550878
2019-01,30+ MW,84749,2635627
2019-02,30+ MW,253440,2889067
2019-03,30+ MW,0,2889067
2019-04,30+ MW,181003,3070070
2019-05,30+ MW,252796,3322866
2019-06,30+ MW,89216,3412082
2019-07,30+ MW,0,3412082
2019-08,30+ MW,218144,3630226
2019-09,30+ MW,0,3630226
2019-10,30+ MW,255386,3885612
2019-11,30+ MW,300164,4185776
2019-12,30+ MW,638827,4824603
2020-01,30+ MW,0,4824603
2020-02,30+ MW,0,4824603
2020-03,30+ MW,121540,4946143
2020-04,30+ MW,112414,5058557
2020-05,30+ MW,0,5058557
2020-06,30+ MW,221082,5279639
2020-07,30+ MW,33794,5313433
2020-08,30+ MW,0,5313433
2020-09,30+ MW,256480,5569913
2020-10,30+ MW,39056,5608969
2020-11,30+ MW,306517,5915486
2020-12,30+ MW,388088,6303574
2021-01,30+ MW,0,6303574
2021-02,30+ MW,139666,6443240
2021-03,30+ MW,0,6443240
2021-04,30+ MW,0,6443240
2021-05,30+ MW,71142,6514382
2021-06,30+ MW,153777,6668159
2021-07,30+ MW,78798,6746957
2021-08,30+ MW,190867,6937824
2021-09,30+ MW,0,6937824
2021-10,30+ MW,119381,7057205
2021-11,30+ MW,570624,7627829
2021-12,30+ MW,202501,7830330
2022-01,30+ MW,0,7830330
2022-02,30+ MW,0,7830330
2022-03,30+ MW,141506,7971836
2022-04,30+ MW,524160,8495996
2022-05,30+ MW,0,8495996
2022-06,30+ MW,0,8495996
2022-07,30+ MW,0,8495996
2022-08,30+ MW,0,8495996
2022-09,30+ MW,630030,9126026
2022-10,30+ MW,109944,9235970
2022-11,30+ MW,0,9235970
2022-12,30+ MW,245475,9481445
2023-01,30+ MW,0,9481445
2023-02,30+ MW,304849,9786294
2023-03,30+ MW,0,9786294
2023-04,30+ MW,0,9786294
2023-05,30+ MW,242132,10028426
2023-06,30+ MW,0,10028426
2023-07,30+ MW,117873,10146299
2023-08,30+ MW,0,10146299
2023-09,30+ MW,0,10146299
2023-10,30+ MW,0,10146299
2023-11,30+ MW,83175,10229474
2023-12,30+ MW,130002,10359476
2024-01,30+ MW,0,10359476
2024-02,30+ MW,0,10359476
2024-03,30+ MW,425068,10784544
2024-04,30+ MW,0,10784544
2024-05,30+ MW,90099,10874643
2024-06,30+ MW,0,10874643
